k          x_k                  f(x_k)               e_k
1          0.20000000           2.56256000           0.00000000
2          0.80000000           -3.31936000          0.60000000
3          0.46140036           1.11254786           0.33859964
4          0.54639949           0.33244960           0.08499913
5          0.58262304           -0.05941259          0.03622355
6          0.57713096           0.00245325           0.00549207
7          0.57734875           0.00001701           0.00021778
8          0.57735027           -0.00000000          0.00000152
9          0.57735027           0.00000000           0.00000000
